89,4
89,3
89,2
89,1
89,0
88,3
88,2
88,1
88,0
87,3
87,2
87,1
87,0
86,3
86,2
86,1
86,0
85,4
85,3
85,2
85,1
85,0
84,4
84,3
84,2
84,1
84,0
0,278
0,9
10,138
10,286
10,224
10,68
10,110
10,136
10,280
11,22
11,14
11,26
11,12
11,18
11,8
11,2
11,3
9,6
9,4
8,11
8,18
8,16
82,4
82,3
82,2
82,1
82,0
80,3
80,2
80,1
80,0
79,3
79,2
79,1
79,0
78,4
78,3
78,2
78,1
78,0
77,4
77,3
77,2
77,1
77,0
24,3
24,2
24,1
20,3
20,2
20,1
19,3
19,2
19,1
18,3
18,1
14,3
14,1
13,3
13,1
12,3
12,2
12,1
11,29
11,28
11,27
11,25
11,24
11,23
11,21
11,19
11,17
11,1
11,13
10,311
10,307
10,299
10,245
10,239
10,31
